61 0.1
          0.00000000000000              21.9431959220154              22.0460028659868    
         0.100000000000000              14.7765176876873              14.8409666583838    
         0.200000000000000              10.0191605358651              10.0621748420577    
         0.300000000000000              6.85025857369016              6.87840761237251    
         0.400000000000000              4.72348090578038              4.74109549637633    
         0.500000000000000              3.28435429574307              3.29444177288321    
         0.600000000000000              2.30211490531794              2.30694358892417    
         0.700000000000000              1.62611140692634              1.62720517234709    
         0.800000000000000              1.15694674867758              1.15555023038723    
         0.900000000000000             0.828657611640438             0.825772009230077    
          1.00000000000000             0.597191306949473             0.593519356345078    
          1.10000000000000             0.432793931876899             0.428826348963860    
          1.20000000000000             0.315167957203373             0.311276941190033    
          1.30000000000000             0.230381491397610             0.226872888135574    
          1.40000000000000             0.168833104167274             0.165962763750509    
          1.50000000000000             0.123878322594838             0.121838736758379    
          1.60000000000000             0.908905568202519E-01         0.897823967956803E-01
          1.70000000000000             0.666169444302621E-01         0.664292748131853E-01
          1.80000000000000             0.487399076203012E-01         0.493563960240305E-01
          1.90000000000000             0.355834155430104E-01         0.368145272153725E-01
          2.00000000000000             0.259189275686593E-01         0.275463662784040E-01
          2.10000000000000             0.188372411157635E-01         0.206544280211468E-01
          2.20000000000000             0.136622087022330E-01         0.155007591319857E-01
          2.30000000000000             0.989060457557074E-02         0.116309150829660E-01
          2.40000000000000             0.714863855061069E-02         0.871819011737511E-02
          2.50000000000000             0.515962074088664E-02         0.652439687425327E-02
          2.60000000000000             0.371955735242124E-02         0.487323112096548E-02
          2.70000000000000             0.267865275888627E-02         0.363249506793449E-02
          2.80000000000000             0.192731773974922E-02         0.270217966158712E-02
          2.90000000000000             0.138564071790670E-02         0.200627964025471E-02
          3.00000000000000             0.995514441623403E-03         0.148697088700497E-02
          3.10000000000000             0.714785750340223E-03         0.110032052462137E-02
          3.20000000000000             0.512934368246565E-03         0.813040837034205E-03
          3.30000000000000             0.367897826582008E-03         0.599994283354000E-03
          3.40000000000000             0.263748814348030E-03         0.442263878225781E-03
          3.50000000000000             0.189002139826358E-03         0.325661037846134E-03
          3.60000000000000             0.135384050896701E-03         0.239575906006243E-03
          3.70000000000000             0.969395582251123E-04         0.176096100860202E-03
          3.80000000000000             0.693860196026387E-04         0.129334900112029E-03
          3.90000000000000             0.496457043018802E-04         0.949217439591119E-04
          4.00000000000000             0.355082004258333E-04         0.696176356363197E-04
          4.10000000000000             0.253868792664798E-04         0.510260001140569E-04
          4.20000000000000             0.181434033542144E-04         0.373760674923688E-04
          4.30000000000000             0.129613960347121E-04         0.273610771948730E-04
          4.40000000000000             0.925558481878058E-05         0.200177426166663E-04
          4.50000000000000             0.660650991304112E-05         0.146366571245970E-04
          4.60000000000000             0.471363568892172E-05         0.106958307851993E-04
          4.70000000000000             0.336169587477554E-05         0.781147200916326E-05
          4.80000000000000             0.239654717274191E-05         0.570159531472952E-05
          4.90000000000000             0.170785014758238E-05         0.415914851594178E-05
          5.00000000000000             0.121664986905874E-05         0.303219197129698E-05
          5.10000000000000             0.866471791998882E-06         0.220929356842325E-05
          5.20000000000000             0.616939016150323E-06         0.160877592667418E-05
          5.30000000000000             0.439197794052116E-06         0.117080542830935E-05
          5.40000000000000             0.312639713598618E-06         0.851575669413573E-06
          5.50000000000000             0.222553618518325E-06         0.619033259207106E-06
          5.60000000000000             0.158444087099830E-06         0.449738663459665E-06
          5.70000000000000             0.112827710933765E-06         0.326561874832244E-06
          5.80000000000000             0.803717945001970E-07         0.236991788096810E-06
          5.90000000000000             0.572783847850223E-07         0.171896510283964E-06
          6.00000000000000             0.408440062132649E-07         0.124614847400011E-06
          6.10000000000000             0.291451803974848E-07         0.902908931467330E-07
          6.20000000000000             0.208139465585041E-07         0.653869733697056E-07
          6.30000000000000             0.148777401178892E-07         0.473273697922823E-07
          6.40000000000000             0.106452620612269E-07         0.342378795505387E-07
          6.50000000000000             0.762518951785811E-08         0.247555588171098E-07
          6.60000000000000             0.546831929941036E-08         0.178898305249080E-07
          6.70000000000000             0.392641768344753E-08         0.129211570166529E-07
          6.80000000000000             0.282297074378993E-08         0.932716651951377E-08
          6.90000000000000             0.203240487037885E-08         0.672882988332373E-08
          7.00000000000000             0.146533107731766E-08         0.485127043913862E-08
          7.10000000000000             0.105807006246410E-08         0.349524617678527E-08
          7.20000000000000             0.765217306994434E-09         0.251641036789861E-08
          7.30000000000000             0.554365892239568E-09         0.181023780470163E-08
          7.40000000000000             0.402360137014313E-09         0.130107514671557E-08
          7.50000000000000             0.292635004196219E-09         0.934191461854294E-09
          7.60000000000000             0.213325545769255E-09         0.670010051478465E-09
          7.70000000000000             0.155922525472773E-09         0.479925257428887E-09
          7.80000000000000             0.114315558838883E-09         0.343270309417273E-09
          7.90000000000000             0.841113432432452E-10         0.245120611547108E-09
          8.00000000000000             0.621473098692893E-10         0.174703067888726E-09
          8.10000000000000             0.461442292584133E-10         0.124244799443181E-09
          8.20000000000000             0.344577266799544E-10         0.881402602398604E-10
          8.30000000000000             0.259002906252614E-10         0.623489576049911E-10
          8.40000000000000             0.196135901249558E-10         0.439601063896778E-10
          8.50000000000000             0.149767480372795E-10         0.308780684553703E-10
          8.60000000000000             0.115403510993033E-10         0.215951469300140E-10
          8.70000000000000             0.897891044754924E-11         0.150275309684998E-10
          8.80000000000000             0.705656968320942E-11         0.103968757712521E-10
          8.90000000000000             0.560233941652484E-11         0.714484927249980E-11
          9.00000000000000             0.449219277230913E-11         0.487148658224174E-11
          9.10000000000000             0.363610937495100E-11         0.329073331813206E-11
          9.20000000000000             0.296869340686149E-11         0.219839627378831E-11
          9.30000000000000             0.244237643085252E-11         0.144904819207441E-11
          9.40000000000000             0.202249172327510E-11         0.939393314902453E-12
          9.50000000000000             0.168370507628332E-11         0.596293777359027E-12
          9.60000000000000             0.140742957777845E-11         0.368157636061412E-12
          9.70000000000000             0.117995456690342E-11         0.218750820980479E-12
          9.80000000000000             0.991093063173812E-12         0.122756245299597E-12
          9.90000000000000             0.833205531496391E-12         0.625916550159691E-13
          10.0000000000000             0.700496634777856E-12         0.261337470906253E-13
          10.1000000000000             0.588509767773099E-12         0.509421723789295E-14
          10.2000000000000             0.493764620585315E-12        -0.613575680465063E-14
          10.3000000000000             0.413497913975465E-12        -0.113049378745530E-13
          10.4000000000000             0.345478310638782E-12        -0.128807591861463E-13
          10.5000000000000             0.287874438685841E-12        -0.124560834477057E-13
          10.6000000000000             0.239160761151556E-12        -0.110334443066933E-13
          10.7000000000000             0.198050264058992E-12        -0.922230751273408E-14
          10.8000000000000             0.163446033068029E-12        -0.737484274555230E-14
          10.9000000000000             0.134406049075859E-12        -0.567844806117271E-14
          11.0000000000000             0.110117178369349E-12        -0.421804306863203E-14
          11.1000000000000             0.898755258107623E-13        -0.301738448850642E-14
          11.2000000000000             0.730711797716865E-13        -0.206595369094734E-14
          11.3000000000000             0.591759934254964E-13        -0.133602698605424E-14
          11.4000000000000             0.477334838871996E-13        -0.793153470193214E-15
          11.5000000000000             0.383502369503765E-13        -0.402278210239255E-15
          11.6000000000000             0.306884166996691E-13        -0.131048913886601E-15
          11.7000000000000             0.244591226618206E-13         0.486488652989547E-16
          11.8000000000000             0.194164320542965E-13         0.160228071160341E-15
          11.9000000000000             0.153520255685056E-13         0.222547661238902E-15
          12.0000000000000             0.120903325716053E-13         0.250375483959970E-15
          12.1000000000000             0.948415330501746E-14         0.254982348822034E-15
          12.2000000000000             0.741072710214727E-14         0.244757692121003E-15
          12.3000000000000             0.576822072544400E-14         0.225786071460974E-15
          12.4000000000000             0.447261231761166E-14         0.202354878148714E-15
          12.5000000000000             0.345494597716011E-14         0.177382838981202E-15
          12.6000000000000             0.265893077040378E-14         0.152770086634641E-15
          12.7000000000000             0.203885679129211E-14         0.129676588254053E-15
          12.8000000000000             0.155780007038972E-14         0.108738441291514E-15
          12.9000000000000             0.118608789308044E-14         0.902322635586717E-16
          13.0000000000000             0.899996453014170E-15         0.741974770442513E-16
          13.1000000000000             0.680653693138096E-15         0.605252674450226E-16
          13.2000000000000             0.513121580012748E-15         0.490217421800420E-16
          13.3000000000000             0.385633804289978E-15         0.394515180597598E-16
          13.4000000000000             0.288966885692248E-15         0.315667626222685E-16
          13.5000000000000             0.215924777620900E-15         0.251256477832675E-16
          13.6000000000000             0.160919222324395E-15         0.199032712012092E-16
          13.7000000000000             0.119630227354685E-15         0.156973580844366E-16
          13.8000000000000             0.887330604824022E-16         0.123304606254261E-16
          13.9000000000000             0.656800525432204E-16         0.964990491147145E-17
          14.0000000000000             0.485272296859179E-16         0.752637555773542E-17
          14.1000000000000             0.357973542972557E-16         0.585175670481382E-17
          14.2000000000000             0.263723334305874E-16         0.453664663058586E-17
          14.3000000000000             0.194091583021714E-16         0.350781671447600E-17
          14.4000000000000             0.142745771767824E-16         0.270578108078405E-17
          14.5000000000000             0.104945891699328E-16         0.208257056014515E-17
          14.6000000000000             0.771559268302442E-17         0.159975540517336E-17
          14.7000000000000             0.567464482831895E-17         0.122672906257335E-17
          14.8000000000000             0.417680280646864E-17         0.939245333589601E-18
          14.9000000000000             0.307793969241444E-17         0.718189760128674E-18
          15.0000000000000             0.227176936910522E-17         0.548560330724828E-18
          15.1000000000000             0.168009105126731E-17         0.418630631087018E-18
          15.2000000000000             0.124548419327449E-17         0.319268959878435E-18
          15.3000000000000             0.925859382440691E-18         0.243388709975036E-18
          15.4000000000000             0.690408509888611E-18         0.185507811635309E-18
          15.5000000000000             0.516605226937815E-18         0.141397807660449E-18
          15.6000000000000             0.387990409658803E-18         0.107805904764423E-18
          15.7000000000000             0.292542006823145E-18         0.822359560333103E-19
          15.8000000000000             0.221478276206243E-18         0.627766893914433E-19
          15.9000000000000             0.168381291355410E-18         0.479675699532971E-19
          16.0000000000000             0.128556348350324E-18         0.366944656801815E-19
          16.1000000000000             0.985646047268346E-19         0.281087907173212E-19
          16.2000000000000             0.758825841910599E-19         0.215650543854073E-19
          16.3000000000000             0.586543664260715E-19         0.165727758491075E-19
          16.4000000000000             0.455113489441478E-19         0.127595656817747E-19
          16.5000000000000             0.354411865303727E-19         0.984285526128146E-20
          16.6000000000000             0.276924719924053E-19         0.760829998995289E-20
          16.7000000000000             0.217053673747261E-19         0.589331644993256E-20
          16.8000000000000             0.170610659450422E-19         0.457455725936295E-20
          16.9000000000000             0.134449164715986E-19         0.355839793397610E-20
          17.0000000000000             0.106194627067703E-19         0.277372196491808E-20
          17.1000000000000             0.840468395720211E-20         0.216645553564848E-20
          17.2000000000000             0.666347178498141E-20         0.169543155766995E-20
          17.3000000000000             0.529092033373853E-20         0.132926187944809E-20
          17.4000000000000             0.420640006525599E-20         0.104397292875958E-20
          17.5000000000000             0.334766816414533E-20         0.821218713244904E-21
          17.6000000000000             0.266647363128412E-20         0.646930004974574E-21
          17.7000000000000             0.212526300706169E-20         0.510292801606122E-21
          17.8000000000000             0.169469957978223E-20         0.402975237936473E-21
          17.9000000000000             0.135178628696003E-20         0.318541924245679E-21
          18.0000000000000             0.107843856256537E-20         0.252009690096190E-21
          18.1000000000000             0.860394067644410E-21         0.199510055480194E-21
          18.2000000000000             0.686375844179177E-21         0.158032313071673E-21
          18.3000000000000             0.547447030430697E-21         0.125227558363580E-21
          18.4000000000000             0.436511084112568E-21         0.992588622495686E-22
          18.5000000000000             0.347923070556325E-21         0.786864341471892E-22
          18.6000000000000             0.277186133834471E-21         0.623793698723557E-22
          18.7000000000000             0.220713606973441E-21         0.494476418849886E-22
          18.8000000000000             0.175641930636707E-21         0.391895399625752E-22
          18.9000000000000             0.139683070734399E-21         0.310509357385442E-22
          19.0000000000000             0.111007768430110E-21         0.245936210860620E-22
          19.1000000000000             0.881529496339192E-22         0.194706302937144E-22
          19.2000000000000             0.699481323008720E-22         0.154069535571709E-22
          19.3000000000000             0.554568211087136E-22         0.121844250954910E-22
          19.4000000000000             0.439297604398520E-22         0.962985357996004E-23
          19.5000000000000             0.347675945886371E-22         0.760567827385015E-23
          19.6000000000000             0.274910081381240E-22         0.600259833355894E-23
          19.7000000000000             0.217168263101507E-22         0.473374784442116E-23
          19.8000000000000             0.171388723556497E-22         0.373008488963562E-23
          19.9000000000000             0.135126274632784E-22         0.293673642245636E-23
          20.0000000000000             0.106429339108946E-22         0.231009729228490E-23
          20.1000000000000             0.837413618806903E-23         0.181552549638041E-23
          20.2000000000000             0.658217668409448E-23         0.142550962849219E-23
          20.3000000000000             0.516825925360434E-23         0.111821086853666E-23
          20.4000000000000             0.405377093133286E-23         0.876302441712904E-24
          20.5000000000000             0.317621344607531E-23         0.686045591947395E-24
          20.6000000000000             0.248594523376650E-23         0.536553770232491E-24
          20.7000000000000             0.194357391393187E-23         0.419206703707917E-24
          20.8000000000000             0.151787066951094E-23         0.327183877884592E-24
          20.9000000000000             0.118410323139341E-23         0.255093188316287E-24
          21.0000000000000             0.922704461322946E-24         0.198675452214496E-24
          21.1000000000000             0.718209838625806E-24         0.154569389110284E-24
          21.2000000000000             0.558410274460281E-24         0.120124796412278E-24
          21.3000000000000             0.433677230092776E-24         0.932541277986501E-25
          21.4000000000000             0.336425605621358E-24         0.723146610703916E-25
          21.5000000000000             0.260686695426729E-24         0.560150207410304E-25
          21.6000000000000             0.201768999901447E-24         0.433410808670855E-25
          21.7000000000000             0.155989099781224E-24         0.334972800594961E-25
          21.8000000000000             0.120458349037427E-24         0.258601845448831E-25
          21.9000000000000             0.929139934547691E-25         0.199417773490280E-25
          22.0000000000000             0.715856106766096E-25         0.153604646391598E-25
          22.1000000000000             0.550896032959328E-25         0.118181999015467E-25
          22.2000000000000             0.423459479373367E-25         0.908245364428587E-26
          22.3000000000000             0.325125815413501E-25         0.697201724851272E-26
          22.4000000000000             0.249337487476013E-25         0.534583768159693E-26
          22.5000000000000             0.190993877490715E-25         0.409424562795163E-26
          22.6000000000000             0.146132336230922E-25         0.313207166911353E-26
          22.7000000000000             0.111677980304819E-25         0.239325024646627E-26
          22.8000000000000             0.852476653368109E-26         0.182659470511424E-26
          22.9000000000000             0.649965909805205E-26         0.139249309879446E-26
          23.0000000000000             0.494984126134541E-26         0.106032711646069E-26
          23.1000000000000             0.376516555250567E-26         0.806458257219135E-27
          23.2000000000000             0.286067509295367E-26         0.612658458642777E-27
          23.3000000000000             0.217092199849532E-26         0.464888553174137E-27
          23.4000000000000             0.164554868331502E-26         0.352348608452155E-27
          23.5000000000000             0.124585561836572E-26         0.266740532626662E-27
          23.6000000000000             0.942138643195243E-27         0.201696197643995E-27
          23.7000000000000             0.711625866008375E-27         0.152334470669713E-27
          23.8000000000000             0.536881135335756E-27         0.114918517751643E-27
          23.9000000000000             0.404570115972841E-27         0.865910085633500E-28
          24.0000000000000             0.304507811271372E-27         0.651697669436917E-28
          24.1000000000000             0.228924260584005E-27         0.489902646129900E-28
          24.2000000000000             0.171899148864804E-27         0.367843710826683E-28
          24.3000000000000             0.128927021807129E-27         0.275871302631680E-28
          24.4000000000000             0.965833581065844E-28         0.206651749155702E-28
          24.5000000000000             0.722684266110649E-28         0.154618253633362E-28
          24.6000000000000             0.540110572823438E-28         0.115550366217355E-28
          24.7000000000000             0.403185015810004E-28         0.862522743970280E-29
          24.8000000000000             0.300617021884747E-28         0.643070001126812E-29
          24.9000000000000             0.223877318873857E-28         0.478888294588082E-29
          25.0000000000000             0.166530522231563E-28         0.356203591791079E-29
          25.1000000000000             0.123727058981711E-28         0.264636841591812E-29
          25.2000000000000             0.918168784259985E-29         0.196376764282916E-29
          25.3000000000000             0.680561287743194E-29         0.145551785452195E-29
          25.4000000000000             0.503847080280168E-29         0.107753772331155E-29
          25.5000000000000             0.372577776293643E-29         0.796773374403533E-30
          25.6000000000000             0.275183098332075E-29         0.588470110612940E-30
          25.7000000000000             0.203007973176726E-29         0.434111371335242E-30
          25.8000000000000             0.149585978972926E-29         0.319863708788889E-30
          25.9000000000000             0.110091823058391E-29         0.235405026261725E-30
          26.0000000000000             0.809292572530168E-30         0.173042730604966E-30
          26.1000000000000             0.594213204516842E-30         0.127050906206098E-30
          26.2000000000000             0.435777933979587E-30         0.931727411540504E-31
          26.3000000000000             0.319208399056638E-30         0.682474768623359E-31
          26.4000000000000             0.233544405853331E-30         0.499310704262220E-31
          26.5000000000000             0.170667435396209E-30         0.364872921604701E-31
          26.6000000000000             0.124571255968545E-30         0.266316949691130E-31
          26.7000000000000             0.908177977669380E-31         0.194152209111275E-31
          26.8000000000000             0.661317461762506E-31         0.141374851402882E-31
          26.9000000000000             0.480988700653945E-31         0.102822516267367E-31
          27.0000000000000             0.349418246708422E-31         0.746948195744280E-32
          27.1000000000000             0.253537423420696E-31         0.541974528269360E-32
          27.2000000000000             0.183748717558948E-31         0.392783612853686E-32
          27.3000000000000             0.133012446115682E-31         0.284324242350095E-32
          27.4000000000000             0.961713986751639E-32         0.205570325194102E-32
          27.5000000000000             0.694520778387853E-32         0.148454346061159E-32
          27.6000000000000             0.500968230383844E-32         0.107080731962296E-32
          27.7000000000000             0.360928130221024E-32         0.771463938292715E-33
          27.8000000000000             0.259726855087225E-32         0.555144161434231E-33
          27.9000000000000             0.186680320027887E-32         0.399008122486380E-33
          28.0000000000000             0.134018807136798E-32         0.286446471490754E-33
          28.1000000000000             0.960989115845327E-33         0.205395519629040E-33
          28.2000000000000             0.688266573524666E-33         0.147103895461668E-33
          28.3000000000000             0.492357270551280E-33         0.105230848056573E-33
          28.4000000000000             0.351794853595983E-33         0.751878435331382E-34
          28.5000000000000             0.251063765952440E-33         0.536584128359403E-34
          28.6000000000000             0.178963312257753E-33         0.382484310774065E-34
          28.7000000000000             0.127417586781579E-33         0.272317162485629E-34
          28.8000000000000             0.906108328354358E-34         0.193651989051170E-34
          28.9000000000000             0.643600293779476E-34         0.137548053763260E-34
          29.0000000000000             0.456601879988119E-34         0.975826154964267E-35
          29.1000000000000             0.323552301197573E-34         0.691474159279730E-35
          29.2000000000000             0.229000596342297E-34         0.489401089391611E-35
          29.3000000000000             0.161887770960009E-34         0.345970735980311E-35
          29.4000000000000             0.114308038030775E-34         0.244286370844882E-35
          29.5000000000000             0.806166567397794E-35         0.172283835029598E-35
          29.6000000000000             0.567881957439382E-35         0.121359904861163E-35
          29.7000000000000             0.399555047267742E-35         0.853869127620799E-36
          29.8000000000000             0.280789216263676E-35         0.600057360899284E-36
          29.9000000000000             0.197092215433803E-35         0.421191482822497E-36
          30.0000000000000             0.138179542813695E-35         0.295292036994445E-36
          30.1000000000000             0.967616479120482E-36         0.206780327814493E-36
          30.2000000000000             0.676780717409127E-36         0.144627879441001E-36
          30.3000000000000             0.472800475046828E-36         0.101036924975564E-36
          30.4000000000000             0.329908140128878E-36         0.705007134650114E-37
          30.5000000000000             0.229928788165761E-36         0.491351382764575E-37
          30.6000000000000             0.160058540993834E-36         0.342039387835339E-37
          30.7000000000000             0.111288306734628E-36         0.237818324467211E-37
          30.8000000000000             0.772868107018844E-37         0.165158053505997E-37
          30.9000000000000             0.536100734267149E-37         0.114561695624263E-37
          31.0000000000000             0.371426235027181E-37         0.793714541692841E-38
          31.1000000000000             0.257030051026578E-37         0.549255556457313E-38
          31.2000000000000             0.177656202860274E-37         0.379638099149734E-38
          31.3000000000000             0.122648429022807E-37         0.262089922360646E-38
          31.4000000000000             0.845724165693609E-38         0.180724090160252E-38
          31.5000000000000             0.582479468852716E-38         0.124470649881289E-38
          31.6000000000000             0.400698420317652E-38         0.856254851280485E-39
          31.7000000000000             0.275321267748147E-38         0.588334483543264E-39
          31.8000000000000             0.188950048939331E-38         0.403766912870476E-39
          31.9000000000000             0.129520755938372E-38         0.276772099695393E-39
          32.0000000000000             0.886781944403082E-39         0.189495561218239E-39
          32.1000000000000             0.606428243029570E-39         0.129586846171755E-39
          32.2000000000000             0.414216218172020E-39         0.885131791310691E-40
          32.3000000000000             0.282592009695115E-39         0.603865327141888E-40
          32.4000000000000             0.192565176680538E-39         0.411488192857927E-40
          32.5000000000000             0.131063185550915E-39         0.280065612330943E-40
          32.6000000000000             0.890981683536421E-40         0.190391395600655E-40
          32.7000000000000             0.604981256225149E-40         0.129276612372444E-40
          32.8000000000000             0.410298705407887E-40         0.876753928796158E-41
          32.9000000000000             0.277935137570864E-40         0.593909929057065E-41
          33.0000000000000             0.188049352725186E-40         0.401835734421917E-41
          33.1000000000000             0.127082370423196E-40         0.271557389003261E-41
          33.2000000000000             0.857795661357001E-41         0.183298871108383E-41
          33.3000000000000             0.578318993208827E-41         0.123578537008612E-41
          33.4000000000000             0.389436036088989E-41         0.832168742111270E-42
          33.5000000000000             0.261932799395789E-41         0.559712279750154E-42
          33.6000000000000             0.175965974507696E-41         0.376013428990581E-42
          33.7000000000000             0.118073538282440E-41         0.252305639244795E-42
          33.8000000000000             0.791337085739643E-42         0.169096896924784E-42
          33.9000000000000             0.529731162128693E-42         0.113195560601981E-42
          34.0000000000000             0.354188603730018E-42         0.756847228779013E-43
          34.1000000000000             0.236536792247911E-42         0.505442930953082E-43
          34.2000000000000             0.157778520330572E-42         0.337148396170785E-43
          34.3000000000000             0.105119215195020E-42         0.224623472251402E-43
          34.4000000000000             0.699522027219231E-43         0.149476954142576E-43
          34.5000000000000             0.464949442849031E-43         0.993524100291057E-44
          34.6000000000000             0.308670496108179E-43         0.659580237175002E-44
          34.7000000000000             0.204677242976392E-43         0.437362881634154E-44
          34.8000000000000             0.135559215136927E-43         0.289668498477645E-44
          34.9000000000000             0.896754533506259E-44         0.191622133134840E-44
          35.0000000000000             0.592520203063588E-44         0.126612075377648E-44
          35.1000000000000             0.391036944722083E-44         0.835583082186277E-45
          35.2000000000000             0.257761151912259E-44         0.550794000660154E-45
          35.3000000000000             0.169707947451024E-44         0.362638420833368E-45
          35.4000000000000             0.111601990605566E-44         0.238475340768742E-45
          35.5000000000000             0.733038430224739E-45         0.156638382415946E-45
          35.6000000000000             0.480913078112859E-45         0.102763277793299E-45
          35.7000000000000             0.315131250206775E-45         0.673383938047046E-46
          35.8000000000000             0.206253533382061E-45         0.440729989368117E-46
          35.9000000000000             0.134833050894303E-45         0.288116079712612E-46
          36.0000000000000             0.880392561160148E-46         0.188125398895840E-46
          36.1000000000000             0.574171200459935E-46         0.122690917130225E-46
          36.2000000000000             0.374017121359620E-46         0.799212804361133E-47
          36.3000000000000             0.243347337100465E-46         0.519992995913191E-47
          36.4000000000000             0.158141826037709E-46         0.337922877135238E-47
          36.5000000000000             0.102648341251542E-46         0.219342471788808E-47
          36.6000000000000             0.665490955246313E-47         0.142204359427153E-47
          36.7000000000000             0.430940601294340E-47         0.920848372273396E-48
          36.8000000000000             0.278726141790517E-47         0.595591341855591E-48
          36.9000000000000             0.180062396720666E-47         0.384763319312798E-48
          37.0000000000000             0.116185888305236E-47         0.248269851745596E-48
          37.1000000000000             0.748805061677464E-48         0.160007132313270E-48
          37.2000000000000             0.482024587963388E-48         0.103000594801326E-48
          37.3000000000000             0.309923597249707E-48         0.662254864460082E-49
          37.4000000000000             0.199033017555341E-48         0.425300226741215E-49
          37.5000000000000             0.127667584431520E-48         0.272804232384714E-49
          37.6000000000000             0.817939506879307E-49         0.174779955823935E-49
          37.7000000000000             0.523415716758380E-49         0.111845155573135E-49
          37.8000000000000             0.334547171529736E-49         0.714871134868870E-50
          37.9000000000000             0.213576268606275E-49         0.456376607044654E-50
          38.0000000000000             0.136186373593665E-49         0.291007390709696E-50
          38.1000000000000             0.867359909465017E-50         0.185340227565804E-50
          38.2000000000000             0.551759807593557E-50         0.117901788703948E-50
          38.3000000000000             0.350578925775308E-50         0.749128162892948E-51
          38.4000000000000             0.222487992539773E-50         0.475419381677670E-51
          38.5000000000000             0.141030282488409E-50         0.301357961207933E-51
          38.6000000000000             0.892900776314080E-51         0.190797852599983E-51
          38.7000000000000             0.564649634516227E-51         0.120656110937069E-51
          38.8000000000000             0.356648110848883E-51         0.762096890262104E-52
          38.9000000000000             0.225001715772005E-51         0.480790726395756E-52
          39.0000000000000             0.141780582697183E-51         0.302961191976588E-52
          39.1000000000000             0.892344823573881E-52         0.190679034692347E-52
          39.2000000000000             0.560962312663666E-52         0.119868180588744E-52
          39.3000000000000             0.352224600459376E-52         0.752644525215316E-53
          39.4000000000000             0.220897453437977E-52         0.472020569546536E-53
          39.5000000000000             0.138371534380701E-52         0.295676607206600E-53
          39.6000000000000             0.865740685145231E-53         0.184994165447532E-53
          39.7000000000000             0.541020748684080E-53         0.115606996904085E-53
          39.8000000000000             0.337695316272285E-53         0.721597850875757E-54
          39.9000000000000             0.210533483064201E-53         0.449874487566607E-54
          40.0000000000000             0.131099892555278E-53         0.280138320821711E-54
          40.1000000000000             0.815395889256781E-54         0.174236323730153E-54
          40.2000000000000             0.506546968857750E-54         0.108240527194994E-54
          40.3000000000000             0.314308369135007E-54         0.671623865290361E-55
          40.4000000000000             0.194794724157969E-54         0.416243401379182E-55
          40.5000000000000             0.120582270099551E-54         0.257663928729270E-55
          40.6000000000000             0.745546509605403E-55         0.159310685878118E-55
          40.7000000000000             0.460416677815474E-55         0.983832602957410E-56
          40.8000000000000             0.283996097247483E-55         0.606851644562810E-56
          40.9000000000000             0.174968035722151E-55         0.373877108648308E-56
          41.0000000000000             0.107668851280233E-55         0.230070129438113E-56
          41.1000000000000             0.661769064737325E-56         0.141408858675031E-56
          41.2000000000000             0.406263552768291E-56         0.868116510065555E-57
          41.3000000000000             0.249111789030735E-56         0.532309764577077E-57
          41.4000000000000             0.152568795339388E-56         0.326013712854459E-57
          41.5000000000000             0.933301945451085E-57         0.199430840908551E-57
          41.6000000000000             0.570247831394583E-57         0.121852316680186E-57
          41.7000000000000             0.348008723585981E-57         0.743635779860605E-58
          41.8000000000000             0.212129777064204E-57         0.453285452690785E-58
          41.9000000000000             0.129151114101834E-57         0.275974084817961E-58
          42.0000000000000             0.785379740997444E-58         0.167822365534397E-58
          42.1000000000000             0.477030610058023E-58         0.101933371943743E-58
          42.2000000000000             0.289399526748921E-58         0.618397832869410E-59
          42.3000000000000             0.175361560194426E-58         0.374717988761412E-59
          42.4000000000000             0.106134358650720E-58         0.226791169664553E-59
          42.5000000000000             0.641597427179173E-59         0.137098516075180E-59
          42.6000000000000             0.387395205985984E-59         0.827798017188739E-60
          42.7000000000000             0.233631224092067E-59         0.499230400460567E-60
          42.8000000000000             0.140731896646502E-59         0.300720253956813E-60
          42.9000000000000             0.846718815324272E-60         0.180929485764476E-60
          43.0000000000000             0.508827873247251E-60         0.108727907889249E-60
          43.1000000000000             0.305413049768591E-60         0.652616015352708E-61
          43.2000000000000             0.183100402332847E-60         0.391254581205388E-61
          43.3000000000000             0.109641765430504E-60         0.234285902363257E-61
          43.4000000000000             0.655764274920717E-61         0.140125730534054E-61
          43.5000000000000             0.391745934867129E-61         0.837094781935247E-62
          43.6000000000000             0.233747112843666E-61         0.499478031351326E-62
          43.7000000000000             0.139307026858453E-61         0.297675546208651E-62
          43.8000000000000             0.829248706131009E-62         0.177196417856278E-62
          43.9000000000000             0.493039361609026E-62         0.105354169445797E-62
          44.0000000000000             0.292794822391977E-62         0.625652994867898E-63
          44.1000000000000             0.173672158923488E-62         0.371108018320858E-63
          44.2000000000000             0.102892098140057E-62         0.219863004319972E-63
          44.3000000000000             0.608861976427393E-63         0.130103502337126E-63
          44.4000000000000             0.359865896906252E-63         0.768972531662575E-64
          44.5000000000000             0.212445501928807E-63         0.453960091290114E-64
          44.6000000000000             0.125267784659787E-63         0.267676060112277E-64
          44.7000000000000             0.737761966114830E-64         0.157647248954482E-64
          44.8000000000000             0.433988414081363E-64         0.927359808246226E-65
          44.9000000000000             0.254991096647308E-64         0.544872827868603E-65
          45.0000000000000             0.149643172008176E-64         0.319762138207804E-65
          45.1000000000000             0.877149866025238E-65         0.187432084522223E-65
          45.2000000000000             0.513541688018816E-65         0.109735169310563E-65
          45.3000000000000             0.300305035082303E-65         0.641701046547009E-66
          45.4000000000000             0.175401995479902E-65         0.374804385213861E-66
          45.5000000000000             0.102327285132912E-65         0.218656093878171E-66
          45.6000000000000             0.596256847782473E-66         0.127409999297813E-66
          45.7000000000000             0.347024640635365E-66         0.741532938019338E-67
          45.8000000000000             0.201730819016774E-66         0.431064625918863E-67
          45.9000000000000             0.117130283716609E-66         0.250287596985337E-67
          46.0000000000000             0.679283621705199E-67         0.145151415961382E-67
          46.1000000000000             0.393475862353436E-67         0.840791338669168E-68
          46.2000000000000             0.227651256855585E-67         0.486452215501480E-68
          46.3000000000000             0.131554895103642E-67         0.281110550686726E-68
          46.4000000000000             0.759327233675183E-68         0.162255381397515E-68
          46.5000000000000             0.437759866475730E-68         0.935418762053257E-69
          46.6000000000000             0.252073918739486E-68         0.538639311319327E-69
          46.7000000000000             0.144978928369948E-68         0.309795438258822E-69
          46.8000000000000             0.832850133836430E-69         0.177965981060940E-69
          46.9000000000000             0.477874477769921E-69         0.102113689848816E-69
          47.0000000000000             0.273870853127106E-69         0.585215671788916E-70
          47.1000000000000             0.156769940775755E-69         0.334990836582093E-70
          47.2000000000000             0.896323483448055E-70         0.191529161823991E-70
          47.3000000000000             0.511860664881109E-70         0.109375962945456E-70
          47.4000000000000             0.291960257790384E-70         0.623869668599573E-71
          47.5000000000000             0.166333880908412E-70         0.355427358306463E-71
          47.6000000000000             0.946504542690105E-71         0.202252005057117E-71
          47.7000000000000             0.537959627664779E-71         0.114952869664760E-71
          47.8000000000000             0.305394819185581E-71         0.652577053001678E-72
          47.9000000000000             0.173164413069652E-71         0.370023049720862E-72
          48.0000000000000             0.980710045513867E-72         0.209561142208704E-72
          48.1000000000000             0.554763144138290E-72         0.118543496797244E-72
          48.2000000000000             0.313443722186944E-72         0.669776196730898E-73
          48.3000000000000             0.176887257625351E-72         0.377978138577986E-73
          48.4000000000000             0.997053630710903E-73         0.213053489807041E-73
          48.5000000000000             0.561339349296859E-73         0.119948720559144E-73
          48.6000000000000             0.315658473040429E-73         0.674508744522637E-74
          48.7000000000000             0.177294152668361E-73         0.378847604421241E-74
          48.8000000000000             0.994618126295711E-74         0.212533063717732E-74
          48.9000000000000             0.557318324785365E-74         0.119089495657052E-74
          49.0000000000000             0.311914290049418E-74         0.666508059003863E-75
          49.1000000000000             0.174362150328553E-74         0.372582411534267E-75
          49.2000000000000             0.973540797104121E-75         0.208029195113052E-75
          49.3000000000000             0.542926562519214E-75         0.116014219580561E-75
          49.4000000000000             0.302421747462407E-75         0.646224101710965E-76
          49.5000000000000             0.168255760260504E-75         0.359534089211485E-76
          49.6000000000000             0.935000531815327E-76         0.199793792555385E-76
          49.7000000000000             0.518965835109145E-76         0.110894217569592E-76
          49.8000000000000             0.287707160896631E-76         0.614781520059066E-77
          49.9000000000000             0.159311661755830E-76         0.340422064129043E-77
          50.0000000000000             0.881108633388441E-77         0.188278005761462E-77
          50.1000000000000             0.486739215551935E-77         0.104007934274120E-77
          50.2000000000000             0.268564256251368E-77         0.573876371987875E-78
          50.3000000000000             0.148007961095527E-77         0.316267968508722E-78
          50.4000000000000             0.814717288572354E-78         0.174091298777503E-78
          50.5000000000000             0.447933743444652E-78         0.957158615095604E-79
          50.6000000000000             0.245983296766347E-78         0.525624682477870E-79
          50.7000000000000             0.134921899381604E-78         0.288305268910374E-79
          50.8000000000000             0.739169885764217E-79         0.157948097130426E-79
          50.9000000000000             0.404474431934050E-79         0.864293420121945E-80
          51.0000000000000             0.221066467650020E-79         0.472381634818626E-80
          51.1000000000000             0.120681210898512E-79         0.257875327280911E-80
          51.2000000000000             0.658023547812431E-80         0.140608497782850E-80
          51.3000000000000             0.358367156075221E-80         0.765769973398860E-81
          51.4000000000000             0.194939547374626E-80         0.416552827112393E-81
          51.5000000000000             0.105914810722516E-80         0.226322028719639E-81
          51.6000000000000             0.574775731964002E-81         0.122819848168022E-81
          51.7000000000000             0.311548123131221E-81         0.665725622222126E-82
          51.8000000000000             0.168669610635582E-81         0.360418417423736E-82
          51.9000000000000             0.912081259169298E-82         0.194896331800848E-82
          52.0000000000000             0.492623594140449E-82         0.105265326407358E-82
          52.1000000000000             0.265755261040493E-82         0.567874024521766E-83
          52.2000000000000             0.143196867916171E-82         0.305987476462618E-83
          52.3000000000000             0.770673015047946E-83         0.164679782794095E-83
          52.4000000000000             0.414277904905785E-83         0.885241783015033E-84
          52.5000000000000             0.222432567482443E-83         0.475300759000189E-84
          52.6000000000000             0.119286133823534E-83         0.254894283630423E-84
          52.7000000000000             0.638949500860961E-84         0.136532696699581E-84
          52.8000000000000             0.341844102142799E-84         0.730463002999550E-85
          52.9000000000000             0.182673113561559E-84         0.390341533649438E-85
          53.0000000000000             0.975003453870618E-85         0.208341740104547E-85
          53.1000000000000             0.519783704608369E-85         0.111068982439167E-85
          53.2000000000000             0.276773272438898E-85         0.591417650526486E-86
          53.3000000000000             0.147200952271779E-85         0.314543527200763E-86
          53.4000000000000             0.781955560749167E-86         0.167090671898749E-86
          53.5000000000000             0.414895292202997E-86         0.886561035200041E-87
          53.6000000000000             0.219877060752078E-86         0.469840073532852E-87
          53.7000000000000             0.116387494660671E-86         0.248700382216446E-87
          53.8000000000000             0.615343613271670E-87         0.131488517955716E-87
          53.9000000000000             0.324948139976766E-87         0.694359190807847E-88
          54.0000000000000             0.171393912781879E-87         0.366239790131188E-88
          54.1000000000000             0.902945860477306E-88         0.192944251679388E-88
          54.2000000000000             0.475130607967314E-88         0.101527371259848E-88
          54.3000000000000             0.249717676294288E-88         0.533604419629812E-89
          54.4000000000000             0.131090294831179E-88         0.280117778326813E-89
          54.5000000000000             0.687348159174372E-89         0.146874671029537E-89
          54.6000000000000             0.359971390560894E-89         0.769197951038116E-90
          54.7000000000000             0.188297335849178E-89         0.402359545005617E-90
          54.8000000000000             0.983796657200179E-90         0.210220698866478E-90
          54.9000000000000             0.513394825271227E-90         0.109703787030645E-90
          55.0000000000000             0.267597842819920E-90         0.571811310000386E-91
          55.1000000000000             0.139315265170134E-90         0.297693148197734E-91
          55.2000000000000             0.724435592944221E-91         0.154799628071401E-91
          55.3000000000000             0.376258075485148E-91         0.803999840858816E-92
          55.4000000000000             0.195189681436890E-91         0.417087321275939E-92
          55.5000000000000             0.101137649463686E-91         0.216114043449536E-92
          55.6000000000000             0.523424240615931E-92         0.111846903382530E-92
          55.7000000000000             0.270570087380240E-92         0.578162493693633E-93
          55.8000000000000             0.139698166590824E-92         0.298511343743157E-93
          55.9000000000000             0.720421399912942E-93         0.153941862944579E-93
          56.0000000000000             0.371079939449893E-93         0.792935040341404E-94
          56.1000000000000             0.190912041826658E-93         0.407946729246249E-94
          56.2000000000000             0.981034184761417E-94         0.209630405249951E-94
          56.3000000000000             0.503523717524859E-94         0.107594498333784E-94
          56.4000000000000             0.258131315922516E-94         0.551582943847155E-95
          56.5000000000000             0.132174120972484E-94         0.282433731396995E-95
          56.6000000000000             0.675985122600225E-95         0.144446582387018E-95
          56.7000000000000             0.345312910778152E-95         0.737875260096744E-96
          56.8000000000000             0.176186839779731E-95         0.376481464116509E-96
          56.9000000000000             0.897881629300752E-96         0.191862111168505E-96
          57.0000000000000             0.457035227987514E-96         0.976606947492090E-97
          57.1000000000000             0.232362070187726E-96         0.496518426113920E-97
          57.2000000000000             0.117995587615636E-96         0.252136604756404E-97
          57.3000000000000             0.598482239814528E-97         0.127885527758368E-97
          57.4000000000000             0.303194791105735E-97         0.647875965144116E-98
          57.5000000000000             0.153418302550461E-97         0.327828952711093E-98
          57.6000000000000             0.775385328480410E-98         0.165686724437374E-98
          57.7000000000000             0.391419946437583E-98         0.836398193550989E-99
          57.8000000000000             0.197357345374032E-98         0.421719252320170E-99
          57.9000000000000             0.993913533175187E-99         0.212382504075113E-99
          58.0000000000000             0.499952656370409E-99         0.106831422990833E-99
          58.1000000000000             0.251185244138018E-99         0.536740363785225-100
          58.2000000000000             0.126050430312999E-99         0.269348440644500-100
          58.3000000000000             0.631799834957402-100         0.135004934074929-100
          58.4000000000000             0.316300333183482-100         0.675880290981608-101
          58.5000000000000             0.158162949785545-100         0.337967461012926-101
          58.6000000000000             0.789941313741307-101         0.168797092186481-101
          58.7000000000000             0.394066815671238-101         0.842054105227800-102
          58.8000000000000             0.196349529775686-101         0.419565720918511-102
          58.9000000000000             0.977180587333642-102         0.208806956686169-102
          59.0000000000000             0.485740996708936-102         0.103794631796005-102
          59.1000000000000             0.241167983452635-102         0.515335172716558-103
          59.2000000000000             0.119596785659697-102         0.255558094038589-103
          59.3000000000000             0.592385372007826-103         0.126582730272889-103
          59.4000000000000             0.293071850493094-103         0.626244953952944-104
          59.5000000000000             0.144820102116808-103         0.309456053281848-104
          59.6000000000000             0.714773683046660-104         0.152735041414999-104
          59.7000000000000             0.352365370133743-104         0.752945172396273-105
          59.8000000000000             0.173501345599506-104         0.370743017464575-105
          59.9000000000000             0.853291531196856-105         0.182333961710664-105
          60.0000000000000             0.419157251366114-105         0.895668120766856-106
          60.1000000000000             0.205656051063276-105         0.439452182157973-106
          60.2000000000000             0.100783853737822-105         0.215358041848956-106
          60.3000000000000             0.493316212572551-106         0.105413327246186-106
          60.4000000000000             0.241181935168866-106         0.515364985173379-107
          60.5000000000000             0.117773917503494-106         0.251662933235450-107
          60.6000000000000             0.574431735614264-107         0.122746341968227-107
          60.7000000000000             0.279841865729591-107         0.597974715152874-108
          60.8000000000000             0.136167012032710-107         0.290965863957458-108
          60.9000000000000             0.661783729028438-108         0.141411984881839-108
          61.0000000000000             0.321251541113611-108         0.686460184536712-109
          61.1000000000000             0.155761209589762-108         0.332835348611872-109
          61.2000000000000             0.754324752443660-109         0.161186435703342-109
          61.3000000000000             0.364873533765751-109         0.779673001577354-110
          61.4000000000000             0.176283361130832-109         0.376687713911471-110
          61.5000000000000             0.850678070873506-110         0.181775509461804-110
          61.6000000000000             0.410019118577037-110         0.876141477255774-111
          61.7000000000000             0.197391266063202-110         0.421791735093221-111
          61.8000000000000             0.949154064730621-111         0.202818163041381-111
          61.9000000000000             0.455858907487192-111         0.974093349627525-112
          62.0000000000000             0.218680033866401-111         0.467282229626210-112
          62.1000000000000             0.104778643836524-111         0.223894232333317-112
          62.2000000000000             0.501442761639327-112         0.107149833272799-112
          62.3000000000000             0.239692758195060-112         0.512182865963294-113
          62.4000000000000             0.114438830698611-112         0.244536417061893-113
          62.5000000000000             0.545728785946468-113         0.116613007305488-113
          62.6000000000000             0.259935301730097-113         0.555437756266342-114
          62.7000000000000             0.123662669894664-113         0.264246200662341-114
          62.8000000000000             0.587620480026510-114         0.125564553482996-114
          62.9000000000000             0.278894647337917-114         0.595950669728247-115
          63.0000000000000             0.132211242021444-114         0.282513052797378-115
          63.1000000000000             0.626010389585413-115         0.133767827561869-115
          63.2000000000000             0.296059939906263-115         0.632629995415672-116
          63.3000000000000             0.139850074349637-115         0.298835944919478-116
          63.4000000000000             0.659827946090057-116         0.140994067161619-116
          63.5000000000000             0.310945057553390-116         0.664436973123784-117
          63.6000000000000             0.146359716316100-116         0.312745948308338-117
          63.7000000000000             0.688088671688587-117         0.147032906023608-117
          63.8000000000000             0.323111343006215-117         0.690434266484999-118
          63.9000000000000             0.151546164157056-117         0.323828509748045-118
          64.0000000000000             0.709941622906300-118         0.151702511926068-118
          64.1000000000000             0.332189022274681-118         0.709831731051845-119
          64.2000000000000             0.155250447268940-118         0.331743935958127-119
          64.3000000000000             0.724711894952610-119         0.154858669135281-119
          64.4000000000000             0.337895855381929-119         0.722026267751473-120
          64.5000000000000             0.157356716652142-119         0.336244677229173-120
          64.6000000000000             0.731935228435902-120         0.156402173274973-120
          64.7000000000000             0.340051707856077-120         0.726632959697938-121
          64.8000000000000             0.157798261602536-120         0.337188184074550-121
          64.9000000000000             0.731382243678361-121         0.156284009789315-121
          65.0000000000000             0.338587993654466-121         0.723505250123491-122
          65.1000000000000             0.156561018755215-121         0.334544405463110-122
          65.2000000000000             0.723070537889192-122         0.154507938904155-122
          65.3000000000000             0.333551298951772-122         0.712742685800589-123
          65.4000000000000             0.153684315981081-122         0.328397378400316-123
          65.5000000000000             0.707263755161560-123         0.151130296901092-123
          65.6000000000000             0.325100919686465-123         0.694685655195354-124
          65.7000000000000             0.149258796241819-123         0.318940791557640-124
          65.8000000000000             0.684457697861012-124         0.146257028356194-124
          65.9000000000000             0.313500494447680-124         0.669897509362600-125
          66.0000000000000             0.143421674304147-124         0.306467849673509-125
          66.1000000000000             0.655354500097063-125         0.140038167447887-125
          66.2000000000000             0.299104345815139-125         0.639135375700439-126
          66.3000000000000             0.136349672581628-125         0.291356178642590-126
          66.4000000000000             0.620826739993084-126         0.132660169356281-126
          66.5000000000000             0.282339517239441-126         0.603311773802977-127
          66.6000000000000             0.128250143354940-126         0.274048855202713-127
          66.7000000000000             0.581874048774031-127         0.124336638359436-127
          66.8000000000000             0.263684775136053-127         0.563449746488228-128
          66.9000000000000             0.119350998947831-127         0.255032889424784-128
          67.0000000000000             0.539575222492236-128         0.115298094919478-128
          67.1000000000000             0.243648013552295-128         0.520634577394796-129
          67.2000000000000             0.109890130061908-128         0.234816613484769-129
          67.3000000000000             0.495039023647044-129         0.105781462821199-129
          67.4000000000000             0.222743540681352-129         0.475965256105673-130
          67.5000000000000             0.100104992428366-129         0.213907430100452-130
          67.6000000000000             0.449356770886051-130         0.960199383934381-131
          67.7000000000000             0.201470645149011-130         0.430508677929767-131
          67.8000000000000             0.902229863846872-131         0.192791255314733-131
          67.9000000000000             0.403559479062598-131         0.862338320646000-132
          68.0000000000000             0.180294650304192-131         0.385259160126575-132
          68.1000000000000             0.804531515570634-132         0.171914771437285-132
          68.2000000000000             0.358581776405679-132         0.766228580724202-133
          68.3000000000000             0.159631391621242-132         0.341105272741452-133
          68.4000000000000             0.709795622948853-133         0.151671314205620-133
          68.5000000000000             0.315234154425986-133         0.673602047384445-134
          68.6000000000000             0.139835727215596-133         0.298805287521706-134
          68.7000000000000             0.619566540615655-134         0.132390886073099-134
          68.8000000000000             0.274184371796911-134         0.585885607920639-135
          68.9000000000000             0.121194348371105-134         0.258971815230027-135
          69.0000000000000             0.535065523872095-135         0.114334448632754-135
          69.1000000000000             0.235948107887104-135         0.504181181885722-136
          69.2000000000000             0.103922828434196-135         0.222065499630666-136
          69.3000000000000             0.457183287537599-136         0.976923325697515-137
          69.4000000000000             0.200888308784416-136         0.429264323655490-137
          69.5000000000000             0.881665621728999-137         0.188397024740723-137
          69.6000000000000             0.386489837518508-137         0.825863385012344-138
